3.300000000000000000e+01
2.600000000000000000e+01
4.600000000000000000e+01
2.300000000000000000e+01
1.400000000000000000e+01
2.700000000000000000e+01
2.900000000000000000e+01
2.600000000000000000e+01
5.100000000000000000e+01
7.100000000000000000e+01
4.400000000000000000e+01
7.100000000000000000e+01
8.600000000000000000e+01
1.050000000000000000e+02
9.900000000000000000e+01
1.060000000000000000e+02
1.010000000000000000e+02
7.500000000000000000e+01
6.500000000000000000e+01
7.200000000000000000e+01
5.400000000000000000e+01
2.600000000000000000e+01
9.000000000000000000e+00
3.000000000000000000e+01
2.000000000000000000e+01
3.570000000000000000e+02
1.400000000000000000e+01
1.000000000000000000e+01
1.400000000000000000e+01
1.900000000000000000e+01
1.100000000000000000e+01
1.500000000000000000e+01
3.900000000000000000e+01
3.500000000000000000e+01
5.800000000000000000e+01
5.700000000000000000e+01
1.050000000000000000e+02
1.150000000000000000e+02
9.700000000000000000e+01
9.900000000000000000e+01
1.040000000000000000e+02
1.120000000000000000e+02
6.600000000000000000e+01
5.700000000000000000e+01
7.100000000000000000e+01
3.540000000000000000e+02
3.470000000000000000e+02
3.460000000000000000e+02
1.100000000000000000e+01
2.300000000000000000e+01
3.500000000000000000e+01
2.400000000000000000e+01
3.500000000000000000e+01
2.200000000000000000e+01
2.900000000000000000e+01
1.100000000000000000e+01
6.000000000000000000e+00
1.900000000000000000e+01
6.600000000000000000e+01
9.400000000000000000e+01
8.400000000000000000e+01
9.100000000000000000e+01
1.050000000000000000e+02
9.300000000000000000e+01
7.600000000000000000e+01
1.000000000000000000e+02
8.000000000000000000e+01
8.200000000000000000e+01
2.300000000000000000e+01
3.500000000000000000e+01
3.500000000000000000e+01
1.200000000000000000e+01
6.000000000000000000e+00
3.000000000000000000e+01
4.100000000000000000e+01
3.170000000000000000e+02
4.100000000000000000e+01
2.100000000000000000e+01
1.100000000000000000e+01
7.000000000000000000e+00
2.000000000000000000e+00
3.000000000000000000e+00
3.580000000000000000e+02
3.210000000000000000e+02
4.400000000000000000e+01
1.100000000000000000e+02
1.840000000000000000e+02
2.410000000000000000e+02
2.470000000000000000e+02
2.500000000000000000e+02
2.430000000000000000e+02
2.710000000000000000e+02
3.040000000000000000e+02
3.400000000000000000e+02
1.600000000000000000e+01
1.800000000000000000e+01
4.400000000000000000e+01
2.500000000000000000e+01
3.520000000000000000e+02
3.000000000000000000e+00
4.700000000000000000e+01
2.700000000000000000e+01
4.100000000000000000e+01
2.100000000000000000e+01
3.530000000000000000e+02
3.510000000000000000e+02
1.020000000000000000e+02
8.400000000000000000e+01
8.200000000000000000e+01
1.820000000000000000e+02
1.450000000000000000e+02
2.530000000000000000e+02
2.420000000000000000e+02
2.420000000000000000e+02
2.670000000000000000e+02
3.160000000000000000e+02
2.860000000000000000e+02
2.000000000000000000e+00
3.300000000000000000e+01
1.000000000000000000e+00
5.000000000000000000e+00
8.000000000000000000e+00
4.700000000000000000e+01
2.400000000000000000e+01
2.300000000000000000e+01
2.800000000000000000e+01
5.100000000000000000e+01
1.600000000000000000e+01
1.300000000000000000e+01
1.520000000000000000e+02
2.010000000000000000e+02
2.660000000000000000e+02
2.780000000000000000e+02
2.430000000000000000e+02
2.380000000000000000e+02
2.360000000000000000e+02
2.290000000000000000e+02
2.400000000000000000e+02
2.570000000000000000e+02
2.420000000000000000e+02
2.260000000000000000e+02
2.450000000000000000e+02
3.070000000000000000e+02
3.140000000000000000e+02
3.240000000000000000e+02
3.320000000000000000e+02
3.520000000000000000e+02
3.580000000000000000e+02
7.000000000000000000e+00
3.210000000000000000e+02
3.200000000000000000e+02
3.560000000000000000e+02
5.200000000000000000e+01
1.200000000000000000e+02
3.010000000000000000e+02
2.770000000000000000e+02
2.440000000000000000e+02
2.360000000000000000e+02
2.370000000000000000e+02
2.440000000000000000e+02
2.440000000000000000e+02
2.370000000000000000e+02
2.500000000000000000e+02
2.450000000000000000e+02
3.010000000000000000e+02
3.300000000000000000e+02
3.110000000000000000e+02
3.540000000000000000e+02
3.090000000000000000e+02
3.300000000000000000e+02
1.700000000000000000e+01
7.100000000000000000e+01
5.800000000000000000e+01
3.460000000000000000e+02
3.480000000000000000e+02
3.000000000000000000e+01
9.800000000000000000e+01
1.130000000000000000e+02
8.900000000000000000e+01
1.020000000000000000e+02
1.390000000000000000e+02
2.080000000000000000e+02
2.360000000000000000e+02
2.450000000000000000e+02
2.440000000000000000e+02
2.390000000000000000e+02
2.700000000000000000e+02
3.250000000000000000e+02
8.200000000000000000e+01
3.000000000000000000e+00
3.450000000000000000e+02
1.800000000000000000e+01
1.400000000000000000e+01
2.800000000000000000e+01
2.700000000000000000e+01
2.500000000000000000e+01
3.800000000000000000e+01
3.800000000000000000e+01
2.000000000000000000e+01
1.100000000000000000e+01
3.530000000000000000e+02
3.370000000000000000e+02
1.120000000000000000e+02
1.310000000000000000e+02
1.300000000000000000e+02
1.230000000000000000e+02
2.480000000000000000e+02
2.370000000000000000e+02
2.350000000000000000e+02
2.450000000000000000e+02
2.920000000000000000e+02
2.950000000000000000e+02
3.280000000000000000e+02
3.590000000000000000e+02
8.000000000000000000e+00
3.550000000000000000e+02
5.000000000000000000e+01
2.700000000000000000e+01
2.900000000000000000e+01
3.100000000000000000e+01
2.000000000000000000e+01
3.500000000000000000e+01
1.900000000000000000e+01
1.700000000000000000e+01
3.580000000000000000e+02
3.530000000000000000e+02
5.600000000000000000e+01
1.480000000000000000e+02
1.240000000000000000e+02
1.120000000000000000e+02
1.650000000000000000e+02
2.560000000000000000e+02
2.750000000000000000e+02
2.490000000000000000e+02
2.720000000000000000e+02
3.260000000000000000e+02
9.300000000000000000e+01
1.060000000000000000e+02
8.300000000000000000e+01
6.500000000000000000e+01
