1.750000000000000000e+02
1.570000000000000000e+02
1.700000000000000000e+02
1.650000000000000000e+02
1.650000000000000000e+02
1.660000000000000000e+02
1.630000000000000000e+02
1.600000000000000000e+02
1.450000000000000000e+02
1.630000000000000000e+02
1.640000000000000000e+02
-1.000000000000000000e+00
1.740000000000000000e+02
1.650000000000000000e+02
1.450000000000000000e+02
1.560000000000000000e+02
1.650000000000000000e+02
1.600000000000000000e+02
1.710000000000000000e+02
1.720000000000000000e+02
1.650000000000000000e+02
1.640000000000000000e+02
1.650000000000000000e+02
1.620000000000000000e+02
1.750000000000000000e+02
1.570000000000000000e+02
1.700000000000000000e+02
1.650000000000000000e+02
1.650000000000000000e+02
1.660000000000000000e+02
1.630000000000000000e+02
1.600000000000000000e+02
1.450000000000000000e+02
1.630000000000000000e+02
1.640000000000000000e+02
-1.000000000000000000e+00
1.740000000000000000e+02
1.650000000000000000e+02
1.450000000000000000e+02
1.560000000000000000e+02
1.650000000000000000e+02
1.600000000000000000e+02
1.710000000000000000e+02
1.720000000000000000e+02
1.650000000000000000e+02
1.640000000000000000e+02
1.650000000000000000e+02
1.620000000000000000e+02
1.750000000000000000e+02
1.570000000000000000e+02
1.700000000000000000e+02
1.650000000000000000e+02
1.650000000000000000e+02
1.660000000000000000e+02
1.630000000000000000e+02
1.600000000000000000e+02
1.450000000000000000e+02
1.630000000000000000e+02
1.640000000000000000e+02
-1.000000000000000000e+00
1.740000000000000000e+02
1.650000000000000000e+02
1.450000000000000000e+02
1.560000000000000000e+02
1.650000000000000000e+02
1.600000000000000000e+02
1.710000000000000000e+02
1.720000000000000000e+02
1.650000000000000000e+02
1.640000000000000000e+02
1.650000000000000000e+02
1.620000000000000000e+02
1.750000000000000000e+02
1.570000000000000000e+02
1.700000000000000000e+02
1.650000000000000000e+02
1.650000000000000000e+02
1.660000000000000000e+02
1.630000000000000000e+02
1.600000000000000000e+02
1.450000000000000000e+02
1.630000000000000000e+02
1.640000000000000000e+02
-1.000000000000000000e+00
1.740000000000000000e+02
1.650000000000000000e+02
1.450000000000000000e+02
1.560000000000000000e+02
1.650000000000000000e+02
1.600000000000000000e+02
1.710000000000000000e+02
1.720000000000000000e+02
1.650000000000000000e+02
1.640000000000000000e+02
1.650000000000000000e+02
1.620000000000000000e+02
1.750000000000000000e+02
1.570000000000000000e+02
1.700000000000000000e+02
1.650000000000000000e+02
1.650000000000000000e+02
1.660000000000000000e+02
1.630000000000000000e+02
1.600000000000000000e+02
1.450000000000000000e+02
1.630000000000000000e+02
1.640000000000000000e+02
-1.000000000000000000e+00
1.740000000000000000e+02
1.650000000000000000e+02
1.450000000000000000e+02
1.560000000000000000e+02
1.650000000000000000e+02
1.600000000000000000e+02
1.710000000000000000e+02
1.720000000000000000e+02
1.650000000000000000e+02
1.640000000000000000e+02
1.650000000000000000e+02
1.620000000000000000e+02
1.750000000000000000e+02
1.570000000000000000e+02
1.700000000000000000e+02
1.650000000000000000e+02
1.650000000000000000e+02
1.660000000000000000e+02
1.630000000000000000e+02
1.600000000000000000e+02
1.450000000000000000e+02
1.630000000000000000e+02
1.640000000000000000e+02
-1.000000000000000000e+00
1.740000000000000000e+02
1.650000000000000000e+02
1.450000000000000000e+02
1.560000000000000000e+02
1.650000000000000000e+02
1.600000000000000000e+02
1.710000000000000000e+02
1.720000000000000000e+02
1.650000000000000000e+02
1.640000000000000000e+02
1.650000000000000000e+02
1.620000000000000000e+02
1.750000000000000000e+02
1.570000000000000000e+02
1.700000000000000000e+02
1.650000000000000000e+02
1.650000000000000000e+02
1.660000000000000000e+02
1.630000000000000000e+02
1.600000000000000000e+02
1.450000000000000000e+02
1.630000000000000000e+02
1.640000000000000000e+02
-1.000000000000000000e+00
1.740000000000000000e+02
1.650000000000000000e+02
1.450000000000000000e+02
1.560000000000000000e+02
1.650000000000000000e+02
1.600000000000000000e+02
1.710000000000000000e+02
1.720000000000000000e+02
1.650000000000000000e+02
1.640000000000000000e+02
1.650000000000000000e+02
1.620000000000000000e+02
1.750000000000000000e+02
1.570000000000000000e+02
1.700000000000000000e+02
1.650000000000000000e+02
1.650000000000000000e+02
1.660000000000000000e+02
1.630000000000000000e+02
1.600000000000000000e+02
1.450000000000000000e+02
1.630000000000000000e+02
1.640000000000000000e+02
-1.000000000000000000e+00
1.740000000000000000e+02
1.650000000000000000e+02
1.450000000000000000e+02
1.560000000000000000e+02
1.650000000000000000e+02
1.600000000000000000e+02
1.710000000000000000e+02
1.720000000000000000e+02
1.650000000000000000e+02
1.640000000000000000e+02
1.650000000000000000e+02
1.620000000000000000e+02
1.750000000000000000e+02
1.570000000000000000e+02
1.700000000000000000e+02
1.650000000000000000e+02
1.650000000000000000e+02
1.660000000000000000e+02
1.630000000000000000e+02
1.600000000000000000e+02
1.450000000000000000e+02
1.630000000000000000e+02
1.640000000000000000e+02
-1.000000000000000000e+00
1.740000000000000000e+02
1.650000000000000000e+02
1.450000000000000000e+02
1.560000000000000000e+02
1.650000000000000000e+02
1.600000000000000000e+02
1.710000000000000000e+02
1.720000000000000000e+02
1.650000000000000000e+02
1.640000000000000000e+02
1.650000000000000000e+02
1.620000000000000000e+02
1.750000000000000000e+02
1.570000000000000000e+02
1.700000000000000000e+02
1.650000000000000000e+02
1.650000000000000000e+02
1.660000000000000000e+02
1.630000000000000000e+02
1.600000000000000000e+02
1.450000000000000000e+02
1.630000000000000000e+02
1.640000000000000000e+02
-1.000000000000000000e+00
1.740000000000000000e+02
1.650000000000000000e+02
1.450000000000000000e+02
1.560000000000000000e+02
1.650000000000000000e+02
1.600000000000000000e+02
1.710000000000000000e+02
1.720000000000000000e+02
1.650000000000000000e+02
1.640000000000000000e+02
1.650000000000000000e+02
1.620000000000000000e+02
