6.800000000000000000e+01
1.020000000000000000e+02
1.590000000000000000e+02
1.500000000000000000e+02
1.370000000000000000e+02
1.400000000000000000e+02
1.280000000000000000e+02
1.600000000000000000e+02
1.410000000000000000e+02
1.520000000000000000e+02
1.580000000000000000e+02
1.550000000000000000e+02
1.530000000000000000e+02
1.500000000000000000e+02
1.580000000000000000e+02
1.080000000000000000e+02
1.220000000000000000e+02
1.300000000000000000e+02
1.430000000000000000e+02
1.430000000000000000e+02
1.180000000000000000e+02
1.210000000000000000e+02
1.220000000000000000e+02
1.500000000000000000e+02
6.800000000000000000e+01
1.020000000000000000e+02
1.590000000000000000e+02
1.500000000000000000e+02
1.370000000000000000e+02
1.400000000000000000e+02
1.280000000000000000e+02
1.600000000000000000e+02
1.410000000000000000e+02
1.520000000000000000e+02
1.580000000000000000e+02
1.550000000000000000e+02
1.530000000000000000e+02
1.500000000000000000e+02
1.580000000000000000e+02
1.080000000000000000e+02
1.220000000000000000e+02
1.300000000000000000e+02
1.430000000000000000e+02
1.430000000000000000e+02
1.180000000000000000e+02
1.210000000000000000e+02
1.220000000000000000e+02
1.500000000000000000e+02
6.800000000000000000e+01
1.020000000000000000e+02
1.590000000000000000e+02
1.500000000000000000e+02
1.370000000000000000e+02
1.400000000000000000e+02
1.280000000000000000e+02
1.600000000000000000e+02
1.410000000000000000e+02
1.520000000000000000e+02
1.580000000000000000e+02
1.550000000000000000e+02
1.530000000000000000e+02
1.500000000000000000e+02
1.580000000000000000e+02
1.080000000000000000e+02
1.220000000000000000e+02
1.300000000000000000e+02
1.430000000000000000e+02
1.430000000000000000e+02
1.180000000000000000e+02
1.210000000000000000e+02
1.220000000000000000e+02
1.500000000000000000e+02
6.800000000000000000e+01
1.020000000000000000e+02
1.590000000000000000e+02
1.500000000000000000e+02
1.370000000000000000e+02
1.400000000000000000e+02
1.280000000000000000e+02
1.600000000000000000e+02
1.410000000000000000e+02
1.520000000000000000e+02
1.580000000000000000e+02
1.550000000000000000e+02
1.530000000000000000e+02
1.500000000000000000e+02
1.580000000000000000e+02
1.080000000000000000e+02
1.220000000000000000e+02
1.300000000000000000e+02
1.430000000000000000e+02
1.430000000000000000e+02
1.180000000000000000e+02
1.210000000000000000e+02
1.220000000000000000e+02
1.500000000000000000e+02
6.800000000000000000e+01
1.020000000000000000e+02
1.590000000000000000e+02
1.500000000000000000e+02
1.370000000000000000e+02
1.400000000000000000e+02
1.280000000000000000e+02
1.600000000000000000e+02
1.410000000000000000e+02
1.520000000000000000e+02
1.580000000000000000e+02
1.550000000000000000e+02
1.530000000000000000e+02
1.500000000000000000e+02
1.580000000000000000e+02
1.080000000000000000e+02
1.220000000000000000e+02
1.300000000000000000e+02
1.430000000000000000e+02
1.430000000000000000e+02
1.180000000000000000e+02
1.210000000000000000e+02
1.220000000000000000e+02
1.500000000000000000e+02
6.800000000000000000e+01
1.020000000000000000e+02
1.590000000000000000e+02
1.500000000000000000e+02
1.370000000000000000e+02
1.400000000000000000e+02
1.280000000000000000e+02
1.600000000000000000e+02
1.410000000000000000e+02
1.520000000000000000e+02
1.580000000000000000e+02
1.550000000000000000e+02
1.530000000000000000e+02
1.500000000000000000e+02
1.580000000000000000e+02
1.080000000000000000e+02
1.220000000000000000e+02
1.300000000000000000e+02
1.430000000000000000e+02
1.430000000000000000e+02
1.180000000000000000e+02
1.210000000000000000e+02
1.220000000000000000e+02
1.500000000000000000e+02
6.800000000000000000e+01
1.020000000000000000e+02
1.590000000000000000e+02
1.500000000000000000e+02
1.370000000000000000e+02
1.400000000000000000e+02
1.280000000000000000e+02
1.600000000000000000e+02
1.410000000000000000e+02
1.520000000000000000e+02
1.580000000000000000e+02
1.550000000000000000e+02
1.530000000000000000e+02
1.500000000000000000e+02
1.580000000000000000e+02
1.080000000000000000e+02
1.220000000000000000e+02
1.300000000000000000e+02
1.430000000000000000e+02
1.430000000000000000e+02
1.180000000000000000e+02
1.210000000000000000e+02
1.220000000000000000e+02
1.500000000000000000e+02
6.800000000000000000e+01
1.020000000000000000e+02
1.590000000000000000e+02
1.500000000000000000e+02
1.370000000000000000e+02
1.400000000000000000e+02
1.280000000000000000e+02
1.600000000000000000e+02
1.410000000000000000e+02
1.520000000000000000e+02
1.580000000000000000e+02
1.550000000000000000e+02
1.530000000000000000e+02
1.500000000000000000e+02
1.580000000000000000e+02
1.080000000000000000e+02
1.220000000000000000e+02
1.300000000000000000e+02
1.430000000000000000e+02
1.430000000000000000e+02
1.180000000000000000e+02
1.210000000000000000e+02
1.220000000000000000e+02
1.500000000000000000e+02
6.800000000000000000e+01
1.020000000000000000e+02
1.590000000000000000e+02
1.500000000000000000e+02
1.370000000000000000e+02
1.400000000000000000e+02
1.280000000000000000e+02
1.600000000000000000e+02
1.410000000000000000e+02
1.520000000000000000e+02
1.580000000000000000e+02
1.550000000000000000e+02
1.530000000000000000e+02
1.500000000000000000e+02
1.580000000000000000e+02
1.080000000000000000e+02
1.220000000000000000e+02
1.300000000000000000e+02
1.430000000000000000e+02
1.430000000000000000e+02
1.180000000000000000e+02
1.210000000000000000e+02
1.220000000000000000e+02
1.500000000000000000e+02
6.800000000000000000e+01
1.020000000000000000e+02
1.590000000000000000e+02
1.500000000000000000e+02
1.370000000000000000e+02
1.400000000000000000e+02
1.280000000000000000e+02
1.600000000000000000e+02
1.410000000000000000e+02
1.520000000000000000e+02
1.580000000000000000e+02
1.550000000000000000e+02
1.530000000000000000e+02
1.500000000000000000e+02
1.580000000000000000e+02
1.080000000000000000e+02
1.220000000000000000e+02
1.300000000000000000e+02
1.430000000000000000e+02
1.430000000000000000e+02
1.180000000000000000e+02
1.210000000000000000e+02
1.220000000000000000e+02
1.500000000000000000e+02
