6.800000000000000000e+01
7.700000000000000000e+01
7.500000000000000000e+01
7.100000000000000000e+01
8.200000000000000000e+01
7.000000000000000000e+01
4.500000000000000000e+01
8.000000000000000000e+01
8.200000000000000000e+01
8.500000000000000000e+01
9.400000000000000000e+01
1.010000000000000000e+02
1.340000000000000000e+02
1.240000000000000000e+02
1.150000000000000000e+02
1.180000000000000000e+02
1.210000000000000000e+02
1.400000000000000000e+02
1.370000000000000000e+02
1.300000000000000000e+02
1.180000000000000000e+02
8.000000000000000000e+01
7.800000000000000000e+01
8.900000000000000000e+01
6.800000000000000000e+01
7.700000000000000000e+01
7.500000000000000000e+01
7.100000000000000000e+01
8.200000000000000000e+01
7.000000000000000000e+01
4.500000000000000000e+01
8.000000000000000000e+01
8.200000000000000000e+01
8.500000000000000000e+01
9.400000000000000000e+01
1.010000000000000000e+02
1.340000000000000000e+02
1.240000000000000000e+02
1.150000000000000000e+02
1.180000000000000000e+02
1.210000000000000000e+02
1.400000000000000000e+02
1.370000000000000000e+02
1.300000000000000000e+02
1.180000000000000000e+02
8.000000000000000000e+01
7.800000000000000000e+01
8.900000000000000000e+01
6.800000000000000000e+01
7.700000000000000000e+01
7.500000000000000000e+01
7.100000000000000000e+01
8.200000000000000000e+01
7.000000000000000000e+01
4.500000000000000000e+01
8.000000000000000000e+01
8.200000000000000000e+01
8.500000000000000000e+01
9.400000000000000000e+01
1.010000000000000000e+02
1.340000000000000000e+02
1.240000000000000000e+02
1.150000000000000000e+02
1.180000000000000000e+02
1.210000000000000000e+02
1.400000000000000000e+02
1.370000000000000000e+02
1.300000000000000000e+02
1.180000000000000000e+02
8.000000000000000000e+01
7.800000000000000000e+01
8.900000000000000000e+01
6.800000000000000000e+01
7.700000000000000000e+01
7.500000000000000000e+01
7.100000000000000000e+01
8.200000000000000000e+01
7.000000000000000000e+01
4.500000000000000000e+01
8.000000000000000000e+01
8.200000000000000000e+01
8.500000000000000000e+01
9.400000000000000000e+01
1.010000000000000000e+02
1.340000000000000000e+02
1.240000000000000000e+02
1.150000000000000000e+02
1.180000000000000000e+02
1.210000000000000000e+02
1.400000000000000000e+02
1.370000000000000000e+02
1.300000000000000000e+02
1.180000000000000000e+02
8.000000000000000000e+01
7.800000000000000000e+01
8.900000000000000000e+01
6.800000000000000000e+01
7.700000000000000000e+01
7.500000000000000000e+01
7.100000000000000000e+01
8.200000000000000000e+01
7.000000000000000000e+01
4.500000000000000000e+01
8.000000000000000000e+01
8.200000000000000000e+01
8.500000000000000000e+01
9.400000000000000000e+01
1.010000000000000000e+02
1.340000000000000000e+02
1.240000000000000000e+02
1.150000000000000000e+02
1.180000000000000000e+02
1.210000000000000000e+02
1.400000000000000000e+02
1.370000000000000000e+02
1.300000000000000000e+02
1.180000000000000000e+02
8.000000000000000000e+01
7.800000000000000000e+01
8.900000000000000000e+01
6.800000000000000000e+01
7.700000000000000000e+01
7.500000000000000000e+01
7.100000000000000000e+01
8.200000000000000000e+01
7.000000000000000000e+01
4.500000000000000000e+01
8.000000000000000000e+01
8.200000000000000000e+01
8.500000000000000000e+01
9.400000000000000000e+01
1.010000000000000000e+02
1.340000000000000000e+02
1.240000000000000000e+02
1.150000000000000000e+02
1.180000000000000000e+02
1.210000000000000000e+02
1.400000000000000000e+02
1.370000000000000000e+02
1.300000000000000000e+02
1.180000000000000000e+02
8.000000000000000000e+01
7.800000000000000000e+01
8.900000000000000000e+01
6.800000000000000000e+01
7.700000000000000000e+01
7.500000000000000000e+01
7.100000000000000000e+01
8.200000000000000000e+01
7.000000000000000000e+01
4.500000000000000000e+01
8.000000000000000000e+01
8.200000000000000000e+01
8.500000000000000000e+01
9.400000000000000000e+01
1.010000000000000000e+02
1.340000000000000000e+02
1.240000000000000000e+02
1.150000000000000000e+02
1.180000000000000000e+02
1.210000000000000000e+02
1.400000000000000000e+02
1.370000000000000000e+02
1.300000000000000000e+02
1.180000000000000000e+02
8.000000000000000000e+01
7.800000000000000000e+01
8.900000000000000000e+01
6.800000000000000000e+01
7.700000000000000000e+01
7.500000000000000000e+01
7.100000000000000000e+01
8.200000000000000000e+01
7.000000000000000000e+01
4.500000000000000000e+01
8.000000000000000000e+01
8.200000000000000000e+01
8.500000000000000000e+01
9.400000000000000000e+01
1.010000000000000000e+02
1.340000000000000000e+02
1.240000000000000000e+02
1.150000000000000000e+02
1.180000000000000000e+02
1.210000000000000000e+02
1.400000000000000000e+02
1.370000000000000000e+02
1.300000000000000000e+02
1.180000000000000000e+02
8.000000000000000000e+01
7.800000000000000000e+01
8.900000000000000000e+01
6.800000000000000000e+01
7.700000000000000000e+01
7.500000000000000000e+01
7.100000000000000000e+01
8.200000000000000000e+01
7.000000000000000000e+01
4.500000000000000000e+01
8.000000000000000000e+01
8.200000000000000000e+01
8.500000000000000000e+01
9.400000000000000000e+01
1.010000000000000000e+02
1.340000000000000000e+02
1.240000000000000000e+02
1.150000000000000000e+02
1.180000000000000000e+02
1.210000000000000000e+02
1.400000000000000000e+02
1.370000000000000000e+02
1.300000000000000000e+02
1.180000000000000000e+02
8.000000000000000000e+01
7.800000000000000000e+01
8.900000000000000000e+01
6.800000000000000000e+01
7.700000000000000000e+01
7.500000000000000000e+01
7.100000000000000000e+01
8.200000000000000000e+01
7.000000000000000000e+01
4.500000000000000000e+01
8.000000000000000000e+01
8.200000000000000000e+01
8.500000000000000000e+01
9.400000000000000000e+01
1.010000000000000000e+02
1.340000000000000000e+02
1.240000000000000000e+02
1.150000000000000000e+02
1.180000000000000000e+02
1.210000000000000000e+02
1.400000000000000000e+02
1.370000000000000000e+02
1.300000000000000000e+02
1.180000000000000000e+02
8.000000000000000000e+01
7.800000000000000000e+01
8.900000000000000000e+01
