1.280000000000000000e+02
1.030000000000000000e+02
4.500000000000000000e+01
8.200000000000000000e+01
1.290000000000000000e+02
4.400000000000000000e+01
2.000000000000000000e+01
3.530000000000000000e+02
3.260000000000000000e+02
2.640000000000000000e+02
2.900000000000000000e+02
3.700000000000000000e+01
1.930000000000000000e+02
2.040000000000000000e+02
1.660000000000000000e+02
1.820000000000000000e+02
1.590000000000000000e+02
1.370000000000000000e+02
1.390000000000000000e+02
2.800000000000000000e+02
1.080000000000000000e+02
9.700000000000000000e+01
1.030000000000000000e+02
2.620000000000000000e+02
1.280000000000000000e+02
1.030000000000000000e+02
4.500000000000000000e+01
8.200000000000000000e+01
1.290000000000000000e+02
4.400000000000000000e+01
2.000000000000000000e+01
3.530000000000000000e+02
3.260000000000000000e+02
2.640000000000000000e+02
2.900000000000000000e+02
3.700000000000000000e+01
1.930000000000000000e+02
2.040000000000000000e+02
1.660000000000000000e+02
1.820000000000000000e+02
1.590000000000000000e+02
1.370000000000000000e+02
1.390000000000000000e+02
2.800000000000000000e+02
1.080000000000000000e+02
9.700000000000000000e+01
1.030000000000000000e+02
2.620000000000000000e+02
1.280000000000000000e+02
1.030000000000000000e+02
4.500000000000000000e+01
8.200000000000000000e+01
1.290000000000000000e+02
4.400000000000000000e+01
2.000000000000000000e+01
3.530000000000000000e+02
3.260000000000000000e+02
2.640000000000000000e+02
2.900000000000000000e+02
3.700000000000000000e+01
1.930000000000000000e+02
2.040000000000000000e+02
1.660000000000000000e+02
1.820000000000000000e+02
1.590000000000000000e+02
1.370000000000000000e+02
1.390000000000000000e+02
2.800000000000000000e+02
1.080000000000000000e+02
9.700000000000000000e+01
1.030000000000000000e+02
2.620000000000000000e+02
1.280000000000000000e+02
1.030000000000000000e+02
4.500000000000000000e+01
8.200000000000000000e+01
1.290000000000000000e+02
4.400000000000000000e+01
2.000000000000000000e+01
3.530000000000000000e+02
3.260000000000000000e+02
2.640000000000000000e+02
2.900000000000000000e+02
3.700000000000000000e+01
1.930000000000000000e+02
2.040000000000000000e+02
1.660000000000000000e+02
1.820000000000000000e+02
1.590000000000000000e+02
1.370000000000000000e+02
1.390000000000000000e+02
2.800000000000000000e+02
1.080000000000000000e+02
9.700000000000000000e+01
1.030000000000000000e+02
2.620000000000000000e+02
1.280000000000000000e+02
1.030000000000000000e+02
4.500000000000000000e+01
8.200000000000000000e+01
1.290000000000000000e+02
4.400000000000000000e+01
2.000000000000000000e+01
3.530000000000000000e+02
3.260000000000000000e+02
2.640000000000000000e+02
2.900000000000000000e+02
3.700000000000000000e+01
1.930000000000000000e+02
2.040000000000000000e+02
1.660000000000000000e+02
1.820000000000000000e+02
1.590000000000000000e+02
1.370000000000000000e+02
1.390000000000000000e+02
2.800000000000000000e+02
1.080000000000000000e+02
9.700000000000000000e+01
1.030000000000000000e+02
2.620000000000000000e+02
1.280000000000000000e+02
1.030000000000000000e+02
4.500000000000000000e+01
8.200000000000000000e+01
1.290000000000000000e+02
4.400000000000000000e+01
2.000000000000000000e+01
3.530000000000000000e+02
3.260000000000000000e+02
2.640000000000000000e+02
2.900000000000000000e+02
3.700000000000000000e+01
1.930000000000000000e+02
2.040000000000000000e+02
1.660000000000000000e+02
1.820000000000000000e+02
1.590000000000000000e+02
1.370000000000000000e+02
1.390000000000000000e+02
2.800000000000000000e+02
1.080000000000000000e+02
9.700000000000000000e+01
1.030000000000000000e+02
2.620000000000000000e+02
1.280000000000000000e+02
1.030000000000000000e+02
4.500000000000000000e+01
8.200000000000000000e+01
1.290000000000000000e+02
4.400000000000000000e+01
2.000000000000000000e+01
3.530000000000000000e+02
3.260000000000000000e+02
2.640000000000000000e+02
2.900000000000000000e+02
3.700000000000000000e+01
1.930000000000000000e+02
2.040000000000000000e+02
1.660000000000000000e+02
1.820000000000000000e+02
1.590000000000000000e+02
1.370000000000000000e+02
1.390000000000000000e+02
2.800000000000000000e+02
1.080000000000000000e+02
9.700000000000000000e+01
1.030000000000000000e+02
2.620000000000000000e+02
1.280000000000000000e+02
1.030000000000000000e+02
4.500000000000000000e+01
8.200000000000000000e+01
1.290000000000000000e+02
4.400000000000000000e+01
2.000000000000000000e+01
3.530000000000000000e+02
3.260000000000000000e+02
2.640000000000000000e+02
2.900000000000000000e+02
3.700000000000000000e+01
1.930000000000000000e+02
2.040000000000000000e+02
1.660000000000000000e+02
1.820000000000000000e+02
1.590000000000000000e+02
1.370000000000000000e+02
1.390000000000000000e+02
2.800000000000000000e+02
1.080000000000000000e+02
9.700000000000000000e+01
1.030000000000000000e+02
2.620000000000000000e+02
1.280000000000000000e+02
1.030000000000000000e+02
4.500000000000000000e+01
8.200000000000000000e+01
1.290000000000000000e+02
4.400000000000000000e+01
2.000000000000000000e+01
3.530000000000000000e+02
3.260000000000000000e+02
2.640000000000000000e+02
2.900000000000000000e+02
3.700000000000000000e+01
1.930000000000000000e+02
2.040000000000000000e+02
1.660000000000000000e+02
1.820000000000000000e+02
1.590000000000000000e+02
1.370000000000000000e+02
1.390000000000000000e+02
2.800000000000000000e+02
1.080000000000000000e+02
9.700000000000000000e+01
1.030000000000000000e+02
2.620000000000000000e+02
1.280000000000000000e+02
1.030000000000000000e+02
4.500000000000000000e+01
8.200000000000000000e+01
1.290000000000000000e+02
4.400000000000000000e+01
2.000000000000000000e+01
3.530000000000000000e+02
3.260000000000000000e+02
2.640000000000000000e+02
2.900000000000000000e+02
3.700000000000000000e+01
1.930000000000000000e+02
2.040000000000000000e+02
1.660000000000000000e+02
1.820000000000000000e+02
1.590000000000000000e+02
1.370000000000000000e+02
1.390000000000000000e+02
2.800000000000000000e+02
1.080000000000000000e+02
9.700000000000000000e+01
1.030000000000000000e+02
2.620000000000000000e+02
