1.150000000000000000e+02
1.090000000000000000e+02
1.100000000000000000e+02
1.310000000000000000e+02
1.100000000000000000e+02
1.300000000000000000e+02
1.210000000000000000e+02
1.150000000000000000e+02
1.070000000000000000e+02
9.200000000000000000e+01
7.800000000000000000e+01
7.100000000000000000e+01
9.200000000000000000e+01
1.090000000000000000e+02
1.150000000000000000e+02
1.010000000000000000e+02
1.110000000000000000e+02
1.010000000000000000e+02
1.080000000000000000e+02
1.170000000000000000e+02
1.100000000000000000e+02
1.250000000000000000e+02
1.330000000000000000e+02
1.280000000000000000e+02
1.150000000000000000e+02
1.090000000000000000e+02
1.100000000000000000e+02
1.310000000000000000e+02
1.100000000000000000e+02
1.300000000000000000e+02
1.210000000000000000e+02
1.150000000000000000e+02
1.070000000000000000e+02
9.200000000000000000e+01
7.800000000000000000e+01
7.100000000000000000e+01
9.200000000000000000e+01
1.090000000000000000e+02
1.150000000000000000e+02
1.010000000000000000e+02
1.110000000000000000e+02
1.010000000000000000e+02
1.080000000000000000e+02
1.170000000000000000e+02
1.100000000000000000e+02
1.250000000000000000e+02
1.330000000000000000e+02
1.280000000000000000e+02
1.150000000000000000e+02
1.090000000000000000e+02
1.100000000000000000e+02
1.310000000000000000e+02
1.100000000000000000e+02
1.300000000000000000e+02
1.210000000000000000e+02
1.150000000000000000e+02
1.070000000000000000e+02
9.200000000000000000e+01
7.800000000000000000e+01
7.100000000000000000e+01
9.200000000000000000e+01
1.090000000000000000e+02
1.150000000000000000e+02
1.010000000000000000e+02
1.110000000000000000e+02
1.010000000000000000e+02
1.080000000000000000e+02
1.170000000000000000e+02
1.100000000000000000e+02
1.250000000000000000e+02
1.330000000000000000e+02
1.280000000000000000e+02
1.150000000000000000e+02
1.090000000000000000e+02
1.100000000000000000e+02
1.310000000000000000e+02
1.100000000000000000e+02
1.300000000000000000e+02
1.210000000000000000e+02
1.150000000000000000e+02
1.070000000000000000e+02
9.200000000000000000e+01
7.800000000000000000e+01
7.100000000000000000e+01
9.200000000000000000e+01
1.090000000000000000e+02
1.150000000000000000e+02
1.010000000000000000e+02
1.110000000000000000e+02
1.010000000000000000e+02
1.080000000000000000e+02
1.170000000000000000e+02
1.100000000000000000e+02
1.250000000000000000e+02
1.330000000000000000e+02
1.280000000000000000e+02
1.150000000000000000e+02
1.090000000000000000e+02
1.100000000000000000e+02
1.310000000000000000e+02
1.100000000000000000e+02
1.300000000000000000e+02
1.210000000000000000e+02
1.150000000000000000e+02
1.070000000000000000e+02
9.200000000000000000e+01
7.800000000000000000e+01
7.100000000000000000e+01
9.200000000000000000e+01
1.090000000000000000e+02
1.150000000000000000e+02
1.010000000000000000e+02
1.110000000000000000e+02
1.010000000000000000e+02
1.080000000000000000e+02
1.170000000000000000e+02
1.100000000000000000e+02
1.250000000000000000e+02
1.330000000000000000e+02
1.280000000000000000e+02
1.150000000000000000e+02
1.090000000000000000e+02
1.100000000000000000e+02
1.310000000000000000e+02
1.100000000000000000e+02
1.300000000000000000e+02
1.210000000000000000e+02
1.150000000000000000e+02
1.070000000000000000e+02
9.200000000000000000e+01
7.800000000000000000e+01
7.100000000000000000e+01
9.200000000000000000e+01
1.090000000000000000e+02
1.150000000000000000e+02
1.010000000000000000e+02
1.110000000000000000e+02
1.010000000000000000e+02
1.080000000000000000e+02
1.170000000000000000e+02
1.100000000000000000e+02
1.250000000000000000e+02
1.330000000000000000e+02
1.280000000000000000e+02
1.150000000000000000e+02
1.090000000000000000e+02
1.100000000000000000e+02
1.310000000000000000e+02
1.100000000000000000e+02
1.300000000000000000e+02
1.210000000000000000e+02
1.150000000000000000e+02
1.070000000000000000e+02
9.200000000000000000e+01
7.800000000000000000e+01
7.100000000000000000e+01
9.200000000000000000e+01
1.090000000000000000e+02
1.150000000000000000e+02
1.010000000000000000e+02
1.110000000000000000e+02
1.010000000000000000e+02
1.080000000000000000e+02
1.170000000000000000e+02
1.100000000000000000e+02
1.250000000000000000e+02
1.330000000000000000e+02
1.280000000000000000e+02
1.150000000000000000e+02
1.090000000000000000e+02
1.100000000000000000e+02
1.310000000000000000e+02
1.100000000000000000e+02
1.300000000000000000e+02
1.210000000000000000e+02
1.150000000000000000e+02
1.070000000000000000e+02
9.200000000000000000e+01
7.800000000000000000e+01
7.100000000000000000e+01
9.200000000000000000e+01
1.090000000000000000e+02
1.150000000000000000e+02
1.010000000000000000e+02
1.110000000000000000e+02
1.010000000000000000e+02
1.080000000000000000e+02
1.170000000000000000e+02
1.100000000000000000e+02
1.250000000000000000e+02
1.330000000000000000e+02
1.280000000000000000e+02
1.150000000000000000e+02
1.090000000000000000e+02
1.100000000000000000e+02
1.310000000000000000e+02
1.100000000000000000e+02
1.300000000000000000e+02
1.210000000000000000e+02
1.150000000000000000e+02
1.070000000000000000e+02
9.200000000000000000e+01
7.800000000000000000e+01
7.100000000000000000e+01
9.200000000000000000e+01
1.090000000000000000e+02
1.150000000000000000e+02
1.010000000000000000e+02
1.110000000000000000e+02
1.010000000000000000e+02
1.080000000000000000e+02
1.170000000000000000e+02
1.100000000000000000e+02
1.250000000000000000e+02
1.330000000000000000e+02
1.280000000000000000e+02
1.150000000000000000e+02
1.090000000000000000e+02
1.100000000000000000e+02
1.310000000000000000e+02
1.100000000000000000e+02
1.300000000000000000e+02
1.210000000000000000e+02
1.150000000000000000e+02
1.070000000000000000e+02
9.200000000000000000e+01
7.800000000000000000e+01
7.100000000000000000e+01
9.200000000000000000e+01
1.090000000000000000e+02
1.150000000000000000e+02
1.010000000000000000e+02
1.110000000000000000e+02
1.010000000000000000e+02
1.080000000000000000e+02
1.170000000000000000e+02
1.100000000000000000e+02
1.250000000000000000e+02
1.330000000000000000e+02
1.280000000000000000e+02
