3.210000000000000000e+02
1.180000000000000000e+02
1.500000000000000000e+02
2.730000000000000000e+02
3.000000000000000000e+00
2.450000000000000000e+02
1.610000000000000000e+02
1.800000000000000000e+02
1.700000000000000000e+02
1.720000000000000000e+02
1.690000000000000000e+02
1.300000000000000000e+02
1.290000000000000000e+02
1.250000000000000000e+02
1.480000000000000000e+02
1.480000000000000000e+02
1.620000000000000000e+02
1.660000000000000000e+02
1.640000000000000000e+02
1.610000000000000000e+02
1.680000000000000000e+02
1.550000000000000000e+02
1.460000000000000000e+02
1.940000000000000000e+02
3.210000000000000000e+02
1.180000000000000000e+02
1.500000000000000000e+02
2.730000000000000000e+02
3.000000000000000000e+00
2.450000000000000000e+02
1.610000000000000000e+02
1.800000000000000000e+02
1.700000000000000000e+02
1.720000000000000000e+02
1.690000000000000000e+02
1.300000000000000000e+02
1.290000000000000000e+02
1.250000000000000000e+02
1.480000000000000000e+02
1.480000000000000000e+02
1.620000000000000000e+02
1.660000000000000000e+02
1.640000000000000000e+02
1.610000000000000000e+02
1.680000000000000000e+02
1.550000000000000000e+02
1.460000000000000000e+02
1.940000000000000000e+02
3.210000000000000000e+02
1.180000000000000000e+02
1.500000000000000000e+02
2.730000000000000000e+02
3.000000000000000000e+00
2.450000000000000000e+02
1.610000000000000000e+02
1.800000000000000000e+02
1.700000000000000000e+02
1.720000000000000000e+02
1.690000000000000000e+02
1.300000000000000000e+02
1.290000000000000000e+02
1.250000000000000000e+02
1.480000000000000000e+02
1.480000000000000000e+02
1.620000000000000000e+02
1.660000000000000000e+02
1.640000000000000000e+02
1.610000000000000000e+02
1.680000000000000000e+02
1.550000000000000000e+02
1.460000000000000000e+02
1.940000000000000000e+02
3.210000000000000000e+02
1.180000000000000000e+02
1.500000000000000000e+02
2.730000000000000000e+02
3.000000000000000000e+00
2.450000000000000000e+02
1.610000000000000000e+02
1.800000000000000000e+02
1.700000000000000000e+02
1.720000000000000000e+02
1.690000000000000000e+02
1.300000000000000000e+02
1.290000000000000000e+02
1.250000000000000000e+02
1.480000000000000000e+02
1.480000000000000000e+02
1.620000000000000000e+02
1.660000000000000000e+02
1.640000000000000000e+02
1.610000000000000000e+02
1.680000000000000000e+02
1.550000000000000000e+02
1.460000000000000000e+02
1.940000000000000000e+02
3.210000000000000000e+02
1.180000000000000000e+02
1.500000000000000000e+02
2.730000000000000000e+02
3.000000000000000000e+00
2.450000000000000000e+02
1.610000000000000000e+02
1.800000000000000000e+02
1.700000000000000000e+02
1.720000000000000000e+02
1.690000000000000000e+02
1.300000000000000000e+02
1.290000000000000000e+02
1.250000000000000000e+02
1.480000000000000000e+02
1.480000000000000000e+02
1.620000000000000000e+02
1.660000000000000000e+02
1.640000000000000000e+02
1.610000000000000000e+02
1.680000000000000000e+02
1.550000000000000000e+02
1.460000000000000000e+02
1.940000000000000000e+02
3.210000000000000000e+02
1.180000000000000000e+02
1.500000000000000000e+02
2.730000000000000000e+02
3.000000000000000000e+00
2.450000000000000000e+02
1.610000000000000000e+02
1.800000000000000000e+02
1.700000000000000000e+02
1.720000000000000000e+02
1.690000000000000000e+02
1.300000000000000000e+02
1.290000000000000000e+02
1.250000000000000000e+02
1.480000000000000000e+02
1.480000000000000000e+02
1.620000000000000000e+02
1.660000000000000000e+02
1.640000000000000000e+02
1.610000000000000000e+02
1.680000000000000000e+02
1.550000000000000000e+02
1.460000000000000000e+02
1.940000000000000000e+02
3.210000000000000000e+02
1.180000000000000000e+02
1.500000000000000000e+02
2.730000000000000000e+02
3.000000000000000000e+00
2.450000000000000000e+02
1.610000000000000000e+02
1.800000000000000000e+02
1.700000000000000000e+02
1.720000000000000000e+02
1.690000000000000000e+02
1.300000000000000000e+02
1.290000000000000000e+02
1.250000000000000000e+02
1.480000000000000000e+02
1.480000000000000000e+02
1.620000000000000000e+02
1.660000000000000000e+02
1.640000000000000000e+02
1.610000000000000000e+02
1.680000000000000000e+02
1.550000000000000000e+02
1.460000000000000000e+02
1.940000000000000000e+02
3.210000000000000000e+02
1.180000000000000000e+02
1.500000000000000000e+02
2.730000000000000000e+02
3.000000000000000000e+00
2.450000000000000000e+02
1.610000000000000000e+02
1.800000000000000000e+02
1.700000000000000000e+02
1.720000000000000000e+02
1.690000000000000000e+02
1.300000000000000000e+02
1.290000000000000000e+02
1.250000000000000000e+02
1.480000000000000000e+02
1.480000000000000000e+02
1.620000000000000000e+02
1.660000000000000000e+02
1.640000000000000000e+02
1.610000000000000000e+02
1.680000000000000000e+02
1.550000000000000000e+02
1.460000000000000000e+02
1.940000000000000000e+02
3.210000000000000000e+02
1.180000000000000000e+02
1.500000000000000000e+02
2.730000000000000000e+02
3.000000000000000000e+00
2.450000000000000000e+02
1.610000000000000000e+02
1.800000000000000000e+02
1.700000000000000000e+02
1.720000000000000000e+02
1.690000000000000000e+02
1.300000000000000000e+02
1.290000000000000000e+02
1.250000000000000000e+02
1.480000000000000000e+02
1.480000000000000000e+02
1.620000000000000000e+02
1.660000000000000000e+02
1.640000000000000000e+02
1.610000000000000000e+02
1.680000000000000000e+02
1.550000000000000000e+02
1.460000000000000000e+02
1.940000000000000000e+02
3.210000000000000000e+02
1.180000000000000000e+02
1.500000000000000000e+02
2.730000000000000000e+02
3.000000000000000000e+00
2.450000000000000000e+02
1.610000000000000000e+02
1.800000000000000000e+02
1.700000000000000000e+02
1.720000000000000000e+02
1.690000000000000000e+02
1.300000000000000000e+02
1.290000000000000000e+02
1.250000000000000000e+02
1.480000000000000000e+02
1.480000000000000000e+02
1.620000000000000000e+02
1.660000000000000000e+02
1.640000000000000000e+02
1.610000000000000000e+02
1.680000000000000000e+02
1.550000000000000000e+02
1.460000000000000000e+02
1.940000000000000000e+02
