4.000000000000000000e+00
4.000000000000000000e+00
4.000000000000000000e+00
5.462000000000000000e+03
5.604000000000000000e+03
1.028100000000000000e+04
4.000000000000000000e+00
4.000000000000000000e+00
4.000000000000000000e+00
5.462000000000000000e+03
5.604000000000000000e+03
1.028100000000000000e+04
4.000000000000000000e+00
4.000000000000000000e+00
4.000000000000000000e+00
5.462000000000000000e+03
5.604000000000000000e+03
1.028100000000000000e+04
4.000000000000000000e+00
4.000000000000000000e+00
4.000000000000000000e+00
5.462000000000000000e+03
5.604000000000000000e+03
1.028100000000000000e+04
4.000000000000000000e+00
4.000000000000000000e+00
4.000000000000000000e+00
5.462000000000000000e+03
5.604000000000000000e+03
1.028100000000000000e+04
4.000000000000000000e+00
4.000000000000000000e+00
4.000000000000000000e+00
5.462000000000000000e+03
5.604000000000000000e+03
1.028100000000000000e+04
4.000000000000000000e+00
4.000000000000000000e+00
4.000000000000000000e+00
5.462000000000000000e+03
5.604000000000000000e+03
1.028100000000000000e+04
4.000000000000000000e+00
4.000000000000000000e+00
4.000000000000000000e+00
5.462000000000000000e+03
5.604000000000000000e+03
1.028100000000000000e+04
4.000000000000000000e+00
4.000000000000000000e+00
4.000000000000000000e+00
5.462000000000000000e+03
5.604000000000000000e+03
1.028100000000000000e+04
3.090000000000000000e+07
3.090000000000000000e+07
4.850000000000000000e+07
5.462000000000000000e+03
5.604000000000000000e+03
1.028100000000000000e+04
