4,1
91,1
-----------------------------------------------
3,1
91,1
-----------------------------------------------
17,1
56,1
77,1
91,1
-----------------------------------------------
3,1
30,1
77,1
91,1
-----------------------------------------------
3,1
77,1
-----------------------------------------------
3,1
77,1
-----------------------------------------------
3,1
77,1
-----------------------------------------------
3,1
19,1
77,1
-----------------------------------------------
3,1
19,1
-----------------------------------------------
3,1